info/2018-07-12_2.png 1 39 54 22 28
info/2018-08-12_0.png 1 61 61 22 25
info/2018-08-17_2.png 1 63 50 18 26
info/2018-08-19_5.png 1 10 48 33 39
info/2018-09-09_0.png 1 45 42 25 32
info/2018-10-09_0.png 1 64 39 24 28
info/2018-10-09_2.png 1 71 53 23 29
info/2018-10-19_6.png 1 66 40 21 29
info/2018-11-10_2.png 1 72 49 26 29
info/2018-12-27_0.png 1 65 51 19 22
info/2019-02-16_1.png 1 56 44 26 32
info/2019-03-03_1.png 1 72 53 24 30
info/2019-03-05_1.png 1 36 47 26 29
info/2019-03-16_1.png 1 35 47 27 37
info/2019-05-11_2.png 1 47 39 28 31
info/2019-05-29_2.png 1 61 52 24 30
info/2019-06-01_5.png 1 9 44 22 30
info/2019-06-05_0.png 1 39 38 25 31
info/2019-06-28_2.png 1 71 46 19 24
info/2019-07-08_6.png 1 11 42 24 31
info/2019-07-10_2.png 1 2 46 22 31
info/2019-07-14_2.png 1 65 44 23 29
info/2019-08-19_6.png 1 14 42 23 29
info/2019-09-19_2.png 1 5 47 22 28
info/2019-10-05_2.png 1 8 51 23 27
info/2019-10-07_3.png 1 11 51 15 19
info/2019-11-09_0.png 1 54 39 22 25
info/2020-01-01_1.png 1 38 40 25 31
info/2020-01-02_1.png 1 60 46 24 29
info/2020-01-15_2.png 1 35 46 27 27
info/2020-01-20_2.png 1 12 45 21 25
info/2020-02-10_0.png 1 5 43 22 25
info/2020-02-13_1.png 1 6 44 29 36
info/2020-03-22_1.png 1 53 55 31 30
info/2020-05-19_2.png 1 60 35 26 31
info/2020-05-25_2.png 1 11 49 23 26
info/2020-05-31_5.png 1 51 37 23 29
info/2020-06-10_6.png 1 29 46 23 28
info/2020-06-17_0.png 1 17 37 24 30
info/2020-07-09_0.png 1 23 42 23 25
info/2020-07-09_3.png 1 46 33 21 28
info/2020-07-12_2.png 1 62 56 24 24
info/2020-08-11_0.png 1 62 41 23 28
info/2020-08-31_2.png 1 34 43 22 25
info/2020-09-10_4.png 1 13 32 36 43
info/2020-09-17_2.png 1 22 54 19 24
info/2020-10-02_0.png 1 36 54 23 30
info/2020-10-17_1.png 1 16 49 23 29
info/2020-10-28_1.png 1 58 48 31 37
info/2020-10-28_2.png 1 53 55 21 23
info/2020-11-10_2.png 1 46 45 21 26
info/2020-11-20_1.png 1 60 46 19 27
info/2020-12-01_6.png 1 11 55 21 23
info/2020-12-08_0.png 1 60 41 18 23
info/2020-12-20_2.png 1 41 51 21 25
info/2020-12-24_7.png 1 9 62 23 26
info/2021-01-02_2.png 1 72 49 20 20
info/2021-01-19_2.png 1 5 51 22 24
info/2021-02-27_2.png 1 17 37 21 26
info/2021-03-24_1.png 1 55 48 29 30
info/2021-04-01_2.png 1 63 61 19 18
info/2021-04-04_2.png 1 48 49 23 28
info/2021-04-18_1.png 1 34 55 28 25
info/2021-06-06_0.png 1 61 44 28 28
info/2021-06-12_0.png 1 63 36 22 27
info/2021-06-13_2.png 1 38 38 30 29
info/2021-06-18_0.png 1 53 51 18 24
info/2021-06-18_4.png 1 60 49 20 24
info/2021-06-22_0.png 1 13 46 24 27
info/2021-07-01_2.png 1 16 59 21 24
info/2021-07-26_2.png 1 63 51 24 26
info/2021-08-02_0.png 1 65 52 22 22
info/2021-09-20_0.png 1 8 56 21 23
info/2021-09-20_1.png 1 6 51 27 28
info/2021-09-28_3.png 1 35 43 26 30
info/2021-09-29_5.png 1 24 59 24 25
info/2021-11-11_2.png 1 58 55 20 18
info/2021-12-13_2.png 1 41 55 22 26
info/2022-01-02_2.png 1 9 40 34 39
info/2022-01-08_2.png 1 55 47 24 24
info/2022-02-21_2.png 1 4 47 22 24
info/2022-02-24_0.png 1 8 42 20 25
info/2022-05-18_0.png 1 0 45 23 26
info/2022-08-04_4.png 1 12 43 32 36
info/2022-08-04_5.png 1 23 47 32 40
info/2022-08-14_0.png 1 10 40 25 24
info/2022-08-21_5.png 1 59 54 21 23
info/2022-09-16_0.png 1 16 43 28 35
info/2022-09-24_5.png 1 37 39 20 23
info/2022-09-24_7.png 1 23 38 20 28
info/2022-09-29_0.png 1 6 38 25 33
info/2022-11-14_4.png 1 25 45 21 28
info/2022-11-16_0.png 1 9 42 26 33
info/2022-11-19_1.png 1 0 41 27 29
info/2023-01-01_1.png 1 39 49 21 25
info/2023-02-05_2.png 1 12 36 26 27
info/2023-02-09_0.png 1 4 46 20 27
info/2023-02-10_2.png 1 51 43 23 30
info/2023-02-12_0.png 1 65 34 23 23
info/2018-06-28_2.png 1 14 40 24 34
info/2018-07-02_2.png 1 5 35 25 32
info/2018-07-25_1.png 1 10 42 23 28
info/2018-08-08_3.png 1 63 34 29 44
info/2018-08-15_5.png 1 69 50 20 24
info/2018-08-15_7.png 1 68 47 24 27
info/2018-08-16_1.png 1 33 36 30 39
info/2018-08-18_0.png 1 64 47 22 28
info/2018-08-19_6.png 1 42 42 24 32
info/2018-08-27_3.png 1 63 47 27 34
info/2018-09-04_1.png 1 6 36 41 50
info/2018-11-02_2.png 1 64 43 25 30
info/2018-11-09_2.png 1 67 43 27 32
info/2018-11-23_0.png 1 38 39 27 34
info/2018-12-16_0.png 1 65 37 23 32
info/2019-01-11_2.png 1 35 36 18 21
info/2019-02-02_0.png 1 65 57 22 27
info/2019-02-08_1.png 1 6 46 37 40
info/2019-02-15_0.png 1 11 37 26 34
info/2019-03-10_2.png 1 54 35 28 38
info/2019-03-10_4.png 1 60 41 21 29
info/2019-03-11_1.png 1 59 40 29 36
info/2019-03-15_1.png 1 10 34 32 48
info/2019-04-09_2.png 1 66 37 24 37
info/2019-04-29_0.png 1 45 50 27 34
info/2019-05-14_1.png 1 54 44 30 36
info/2019-05-20_0.png 1 51 37 31 32
info/2019-05-22_1.png 1 47 45 31 42
info/2019-05-30_6.png 1 67 43 21 27
info/2019-06-24_0.png 1 39 40 26 37
info/2019-07-03_2.png 1 3 46 24 32
info/2019-07-09_0.png 1 14 39 25 33
info/2019-08-15_6.png 1 4 49 22 28
info/2019-08-16_1.png 1 14 52 27 37
info/2019-08-25_0.png 1 1 45 28 36
info/2019-09-09_2.png 1 61 36 23 36
info/2019-09-30_2.png 1 55 56 33 36
info/2019-11-02_1.png 1 27 39 42 52
info/2020-01-12_1.png 1 36 55 32 35
info/2020-01-14_4.png 1 74 49 19 29
info/2020-02-03_2.png 1 40 37 19 35
info/2020-02-04_2.png 1 27 46 17 28
info/2020-02-09_0.png 1 12 52 20 31
info/2020-03-25_0.png 1 63 45 30 34
info/2020-04-13_0.png 1 4 47 23 30
info/2020-05-10_1.png 1 48 50 26 34
info/2020-05-30_1.png 1 32 41 20 30
info/2020-06-10_5.png 1 55 45 22 32
info/2020-07-11_1.png 1 38 56 23 26
info/2020-08-08_0.png 1 13 43 26 34
info/2020-08-18_2.png 1 58 52 21 24
info/2020-08-20_0.png 1 49 50 25 30
info/2020-08-28_0.png 1 60 49 21 27
info/2020-08-29_6.png 1 10 47 23 30
info/2020-09-13_0.png 1 51 48 23 24
info/2020-09-30_0.png 1 15 27 21 26
info/2020-10-18_2.png 1 3 43 22 29
info/2020-10-20_2.png 1 49 51 23 27
info/2020-11-27_2.png 1 23 37 26 30
info/2020-12-18_1.png 1 4 34 28 29
info/2020-12-28_0.png 1 63 50 22 26
info/2021-01-21_1.png 1 66 43 27 33
info/2021-02-15_2.png 1 60 50 27 28
info/2021-02-23_2.png 1 12 51 24 28
info/2021-04-07_5.png 1 26 48 30 31
info/2021-04-12_5.png 1 3 39 24 30
info/2021-04-20_4.png 1 54 56 20 25
info/2021-05-20_2.png 1 9 33 25 27
info/2021-05-24_0.png 1 17 44 31 45
info/2021-06-21_1.png 1 5 45 23 34
info/2021-07-09_0.png 1 6 40 30 34
info/2021-07-09_2.png 1 3 44 26 33
info/2021-07-12_0.png 1 5 40 23 32
info/2021-08-04_0.png 1 65 50 27 30
info/2021-09-11_5.png 1 30 55 26 29
info/2021-09-29_6.png 1 22 39 28 39
info/2021-11-15_0.png 1 67 43 23 25
info/2021-12-14_0.png 1 62 44 27 31
info/2022-02-09_2.png 1 49 35 28 35
info/2022-02-21_0.png 1 4 46 21 32
info/2022-02-26_2.png 1 10 45 31 42
info/2022-04-07_3.png 1 59 40 30 35
info/2022-04-17_0.png 1 5 41 24 30
info/2022-04-30_3.png 1 58 42 26 29
info/2022-05-17_2.png 1 8 44 23 31
info/2022-05-21_0.png 1 9 49 26 36
info/2022-06-30_0.png 1 48 48 24 29
info/2022-07-04_2.png 1 8 44 20 31
info/2022-07-20_1.png 1 64 44 27 28
info/2022-08-02_2.png 1 71 51 25 29
info/2022-09-10_0.png 1 11 56 39 41
info/2022-09-20_0.png 1 59 39 31 37
info/2022-09-22_0.png 1 26 60 23 23
info/2022-10-20_1.png 1 13 43 37 30
info/2022-12-08_2.png 1 59 49 23 26
info/2023-01-14_0.png 1 44 41 33 46
info/2023-01-27_2.png 1 11 58 26 25
info/2023-02-03_0.png 1 13 37 27 27
info/2018-06-01_0.png 1 27 58 24 25
info/2018-06-01_2.png 1 35 52 22 28
info/2018-06-03_1.png 1 8 45 27 32
info/2018-06-07_0.png 1 70 53 20 26
info/2018-06-07_1.png 1 56 57 27 28
info/2018-06-07_2.png 1 71 44 23 27
info/2018-06-10_0.png 1 39 49 24 26
info/2018-06-10_1.png 1 33 53 23 28
info/2018-06-10_2.png 1 40 56 26 28
info/2018-06-11_0.png 1 48 49 29 28
info/2018-06-11_1.png 1 20 41 43 42
info/2018-06-11_2.png 1 47 51 26 27
info/2018-06-13_0.png 1 4 45 35 42
info/2018-06-13_2.png 1 10 54 27 33
info/2018-06-14_0.png 1 6 48 27 33
info/2018-06-14_2.png 1 7 52 23 25
info/2018-06-15_0.png 1 14 51 28 33
info/2018-06-15_2.png 1 3 45 22 26
info/2018-06-15_3.png 1 37 58 27 31
info/2018-06-15_5.png 1 2 48 24 28
info/2018-06-15_6.png 1 34 48 30 40
info/2018-06-15_7.png 1 5 50 28 28
info/2018-06-16_0.png 1 46 53 29 30
info/2018-06-16_1.png 1 54 49 31 43
info/2018-06-16_2.png 1 23 50 33 30
info/2018-06-18_0.png 1 23 49 29 34
info/2018-06-18_1.png 1 27 53 24 29
info/2018-06-18_2.png 1 20 56 25 26
info/2018-06-22_0.png 1 9 50 23 33
info/2018-06-22_1.png 1 8 49 40 42
info/2018-06-22_2.png 1 5 44 25 33
info/2020-08-11_2.png 1 65 39 20 29
info/2020-08-12_0.png 1 21 47 15 21
info/2020-08-12_1.png 1 15 47 21 26
info/2020-08-12_2.png 1 14 49 18 22
info/2020-08-13_0.png 1 15 57 28 27
info/2020-08-13_1.png 1 10 45 26 27
info/2020-08-13_2.png 1 11 47 28 32
info/2020-08-14_0.png 1 10 47 22 27
info/2020-08-14_1.png 1 24 42 38 46
info/2020-08-14_2.png 1 7 46 23 30
info/2020-08-15_0.png 1 11 41 22 26
info/2020-08-15_1.png 1 9 43 20 27
info/2020-08-15_4.png 1 21 37 24 30
info/2020-08-15_6.png 1 21 62 22 33
info/2020-08-15_7.png 1 10 34 24 31
info/2020-08-17_0.png 1 7 44 30 28
info/2020-08-17_2.png 1 12 41 21 32
info/2020-08-18_0.png 1 65 37 21 31
info/2020-09-01_2.png 1 60 54 21 27
info/2020-09-02_2.png 1 31 50 25 33
info/2020-09-03_2.png 1 7 35 29 32
info/2020-09-04_0.png 1 12 49 24 25
info/2021-10-16_2.png 1 66 50 26 29
info/2021-10-16_3.png 1 29 55 32 38
info/2021-10-16_5.png 1 63 48 29 29
info/2021-10-16_6.png 1 44 54 23 28
info/2021-10-16_7.png 1 34 45 28 25
info/2021-10-20_0.png 1 45 45 36 42
info/2021-10-20_1.png 1 60 43 30 37
info/2021-10-20_2.png 1 57 52 31 30
info/2021-10-21_0.png 1 52 54 23 25
info/2021-10-21_2.png 1 55 52 32 32
info/2021-10-22_0.png 1 8 50 32 38
info/2021-10-22_1.png 1 2 44 22 31
info/2021-10-22_2.png 1 2 43 22 33
info/2021-10-24_0.png 1 27 43 27 40
info/2021-10-24_1.png 1 21 43 26 33
info/2021-10-27_0.png 1 60 50 22 25
info/2021-10-27_1.png 1 59 39 29 42
info/2021-10-27_2.png 1 66 40 27 35
info/2021-10-27_3.png 1 34 38 33 48
info/2021-10-27_5.png 1 44 49 30 39
info/2021-10-27_6.png 1 62 39 25 35
info/2021-10-27_7.png 1 70 37 26 34
info/2021-10-28_0.png 1 56 56 23 26
info/2021-10-28_1.png 1 66 51 25 25
info/2021-10-28_2.png 1 65 46 24 26
info/2021-10-29_0.png 1 53 42 27 29
info/2021-10-29_2.png 1 44 40 29 32
info/2021-10-30_1.png 1 34 49 37 34
info/2021-10-30_2.png 1 60 47 26 28
info/2021-10-31_0.png 1 16 57 20 23
info/2021-10-31_1.png 1 16 43 30 33
info/2021-10-31_2.png 1 8 36 35 38
info/2023-02-13_0.png 1 4 39 27 35
info/2023-02-13_1.png 1 26 33 41 51
info/2023-02-13_2.png 1 5 44 24 30
info/2023-02-14_0.png 1 3 36 25 28
info/2023-02-14_2.png 1 7 38 26 28
info/2023-02-15_0.png 1 67 51 26 30
info/2023-02-15_1.png 1 32 39 33 39
info/2023-02-15_2.png 1 59 51 24 28
info/2023-02-16_0.png 1 56 51 29 32
info/2023-02-16_1.png 1 35 57 29 34
info/2023-02-16_3.png 1 50 51 24 32
info/2023-02-16_4.png 1 64 46 32 44
info/2023-02-16_5.png 1 35 49 29 38
info/2023-02-16_7.png 1 56 46 31 37
info/2023-02-19_0.png 1 2 48 24 27
info/2023-02-19_1.png 1 18 42 39 38
info/2023-02-19_2.png 1 7 45 30 34
info/2023-02-20_1.png 1 5 47 23 34
info/2023-02-20_2.png 1 8 48 26 32
info/2018-06-23_1.png 1 32 52 30 36
info/2018-06-23_2.png 1 72 48 23 24
info/2018-07-10_5.png 1 3 45 27 40
info/2018-07-21_0.png 1 62 37 24 28
info/2018-07-29_5.png 1 67 51 16 22
info/2018-08-06_2.png 1 11 46 20 22
info/2018-08-16_0.png 1 17 47 18 23
info/2018-08-30_1.png 1 69 53 15 18
info/2018-09-14_5.png 1 15 51 23 27
info/2018-09-19_0.png 0
info/2018-10-22_1.png 1 63 39 26 32
info/2019-01-11_0.png 1 1 25 22 19
info/2019-02-16_7.png 1 64 50 20 26
info/2019-02-17_1.png 1 11 46 34 37
info/2019-03-09_2.png 1 21 47 20 21
info/2019-03-10_0.png 1 76 56 15 18
info/2019-03-10_1.png 1 74 51 18 18
info/2019-03-13_1.png 1 4 44 31 36
info/2019-04-06_2.png 1 36 36 24 29
info/2019-04-15_0.png 1 69 39 21 27
info/2019-04-29_2.png 1 53 55 24 24
info/2019-05-02_7.png 1 73 51 17 25
info/2019-05-20_2.png 1 51 43 24 22
info/2019-05-29_0.png 1 56 51 28 23
info/2019-05-29_1.png 1 61 53 23 24
info/2019-08-03_2.png 1 50 47 18 25
info/2019-08-11_3.png 1 7 43 19 19
info/2019-08-22_1.png 1 23 43 17 25
info/2019-10-13_2.png 1 50 42 33 32
info/2019-10-24_7.png 1 44 45 20 21
info/2019-10-27_7.png 1 15 41 23 29
info/2020-01-17_1.png 1 14 49 25 32
info/2020-03-16_1.png 1 63 43 19 22
info/2020-04-12_6.png 1 6 48 29 31
info/2020-04-17_0.png 1 13 36 22 24
info/2020-06-10_3.png 1 35 44 21 25
info/2020-06-19_0.png 1 65 39 23 27
info/2020-06-28_0.png 1 24 49 21 23
info/2020-07-03_2.png 1 13 49 20 24
info/2020-08-29_3.png 1 14 41 23 26
info/2020-09-06_6.png 1 67 43 19 22
info/2020-09-20_0.png 1 71 52 19 21
info/2020-09-27_0.png 1 60 44 21 26
info/2020-11-15_5.png 1 31 43 21 29
info/2020-11-27_5.png 1 37 48 19 31
info/2020-12-14_5.png 1 9 43 19 21
info/2020-12-28_2.png 1 66 47 19 23
info/2021-05-24_3.png 1 30 38 21 24
info/2021-06-22_2.png 1 13 46 22 23
info/2021-07-06_0.png 1 15 45 21 25
info/2021-07-18_7.png 1 13 53 24 26
info/2021-07-21_1.png 1 18 37 30 33
info/2021-09-02_1.png 1 11 37 28 30
info/2021-10-15_6.png 1 34 63 11 11
info/2021-10-31_5.png 1 30 59 21 22
info/2022-01-19_7.png 1 58 47 21 23
info/2022-03-13_0.png 1 70 42 21 24
info/2022-03-25_1.png 1 14 40 24 28
info/2022-04-18_2.png 1 68 44 26 26
info/2022-05-27_0.png 1 3 46 22 24
info/2022-06-22_1.png 1 41 39 27 29
info/2022-08-22_1.png 1 82 37 17 43
info/2022-09-08_0.png 1 55 41 27 28
info/2022-09-21_0.png 1 11 52 18 25
info/2022-10-14_0.png 1 68 42 17 23
info/2022-12-19_0.png 1 75 48 15 20
info/2023-01-24_4.png 1 75 41 19 24
